74.5726552798811
74.03459656633088
74.75647850759485
74.77514903231761
74.3944161393059
74.07911272945461
74.127570926474
74.70758576099215
74.3863681700977
74.8425136449988
74.09571020296228
74.87581740000644
74.54136998508038
74.38251023486146
74.52682576374183
74.5726552798811
74.03459656633088
74.75647850759485
74.77514903231761
74.3944161393059
74.07911272945461
74.127570926474
74.70758576099215
74.3863681700977
74.8425136449988
74.09571020296228
74.87581740000644
74.54136998508038
74.38251023486146
74.52682576374183
74.39122947851529
74.79841323098194
74.24829855224836
74.56692246128895
74.12387496771218
74.09582532452542
74.28558078195437
74.35042864344507
74.12388575786831
74.75786522181637
74.88596238596972
74.7877050891565
74.76859748969369
74.17335960644107
74.4955408369283
74.21836629786117
74.77104064697511
74.88885919353442
74.39886731006335
74.63324072501597
74.65598091304372
74.85436336901681
74.91308898645455
74.30364906825064
74.9335663546468
74.91101779075711
74.2109449565353
74.6220737130502
74.52871897479554
74.01174030554645
74.4955408369283
74.21836629786117
74.77104064697511
74.88885919353442
74.39886731006335
74.63324072501597
74.65598091304372
74.85436336901681
74.91308898645455
74.30364906825064
74.9335663546468
74.91101779075711
74.2109449565353
74.6220737130502
74.52871897479554
74.01174030554645
74.47194235622726
74.23446451376363
74.04588423859296
74.03776586761823
74.69359149458295
74.23471681128966
74.13525830178789
74.8232100171651
74.1721868230331
74.24535878353257
74.37464397314656
74.11375182582623
74.34014603049378
74.9472838322026
74.81874740398258
74.81789607508142
74.91528259882278
74.82340008393649
74.09135262933184
74.53792042838164
74.04602508259822
74.76458587764951
74.89393218981157
74.79730671875802
74.1449246866586
74.49091873182675
74.30063168068517
74.6959415665504
74.67923527575493
74.9472838322026
74.81874740398258
74.81789607508142
74.91528259882278
74.82340008393649
74.09135262933184
74.53792042838164
74.04602508259822
74.76458587764951
74.89393218981157
74.79730671875802
74.1449246866586
74.49091873182675
74.30063168068517
74.6959415665504
74.67923527575493
74.18357135536024
74.04343681875245
4.913876007430876
5.122552729156741
5.0422647062852235
5.030420755185938
4.889871714959871
5.065611801436086
5.279812392392071
5.046040052354449
4.946913549656863
4.850114505471933
4.828137910407331
74.88040657603882
74.765263969451
74.35347377782644