0.6691841469006277
0.7021276687878727
0.7070130730561067
0.6923620340571686
0.6959177891186196
0.7058476978194573
0.7065633947315413
0.6924146378913252
0.7098757554461466
0.7017177665608101
0.6996568527466434
0.7194778942879284
0.7034147825035798
0.6928875576820926
0.6940175903807421
0.7029253636591204
0.7218499401761774
0.6897572195266631
0.697995515389951
0.695389723424794
0.6978635933468741
0.7129352243744057
0.6803676056997138
0.6934040070527381
0.6995271249360506
0.7019261081038323
0.6885824352360806
0.6954371225253326
0.682714291364736
0.6915669097504196
0.7039160819705327
0.7030592887027532
0.6945660382588682
0.7005248089630496
0.7115976794085385
0.6989446480341611
0.7143541308939083
0.7121123877509019
0.7108783917884335
0.7146600260660567
0.6975913349012469
0.7119966394293582
0.7046872490337844
0.6967184750791316
0.6952928226634719
1.7068742859383657
1.687266327057241
0.70816230718685
0.6960901141118057
0.7080993999451598
0.7070017720404997
0.6994335159409361
0.7189703510971323
0.7021374428769699
0.688747339893484
0.6957707668674402
0.717745957098151
0.7157234186068648
0.7029031241578568
0.7276393662770991
0.697247646357245
0.7129371732367181
0.6834160789195493
0.6935103045931812
0.7034331366021113
0.7093416059352127
0.7077142247811902
0.704699128137329
0.6909299551135987
0.7052600522955327
0.6943055377742366
0.6993328067978657
0.6913013576299729
0.7022341788488442
0.6967413149240362
1.69587867907358
2.0
2.0
2.0
2.0
2.0
2.0
2.0
2.0
2.0
1.6940923883758439
0.7103610283277034
0.7194176220657286
0.7211758709301195
0.7099568568298893