1.2952625659312003
1.8349454034235748
1.5943424645814845
1.9457576315220937
1.8454238632663396
1.669977256128644
1.4261215699586705
1.116380339041017
1.6647700266724816
1.2262904169307582
1.6415181983089435
1.413018937174133
1.3405750623959802
1.7000452600273053
1.9205849593061726
5.255417830582447
6.280229055607341
1.0536499591755415
1.4127057643276582
1.288217247449802
1.6221005332071903
1.6072241264953688
1.3897160994435789
1.1063028977478544
1.4143914694045905
1.5284406072368057
1.7384026877819028
1.138033661616312
1.5200935911807512
1.9623685584425237
1.2207662201837342
1.4499833845393384
1.619566666695032
1.3755085127535673
1.868566115456804
1.8696805207844696
1.1347636102950092
1.0642285240537848
1.6023914726157975
1.1559821275024609
1.244946257304115
1.0160431141473074
1.6804240301187745
1.5519572073288854
1.0314881864302299
1.9963727938744498
1.4825921830749675
1.9800545182763947
1.0643396809043224
1.1764931645013341
1.6322566548300725
1.5924363015931875
1.3115719619330148
1.4464522852417447
1.4521638509672012
1.005015281597573
1.1087812401309378
1.9601926169635882
1.4852685622532278
1.9255764742698958
1.610513712333442
1.995138900429493
1.428853342667209
1.8257990589419908
1.1701777994561335
1.1539778863116505
1.057456357419155
1.2956723198661484
1.0306975003829906
1.0880874927676722
1.4989659336157883
1.286651970982355
1.3373154651597963
1.7872681199191764
1.5912691962964043
1.887325985682456
1.3047514432623712
1.274930752658594
1.677872896233704
1.0813149280266598
1.9835379642014985
1.800786831640373
1.5086754121832202
1.1297632597437985
1.3292625199826635
1.077353851033541
1.6285176500822307
1.0852950547871005
1.1559361915336241
1.4054296467661587