74.5726552798811
74.03459656633088
74.75647850759485
74.77514903231761
74.3944161393059
74.07911272945461
74.127570926474
74.70758576099215
74.3863681700977
74.8425136449988
74.09571020296228
74.87581740000644
74.54136998508038
74.38251023486146
74.52682576374183
74.39122947851529
74.79841323098194
74.24829855224836
74.56692246128895
74.12387496771218
74.09582532452542
74.28558078195437
74.35042864344507
74.12388575786831
74.75786522181637
74.88596238596972
74.7877050891565
74.76859748969369
74.17335960644107
74.4955408369283
74.21836629786117
74.77104064697511
74.88885919353442
74.39886731006335
74.63324072501597
74.65598091304372
74.85436336901681
74.91308898645455
74.30364906825064
74.9335663546468
74.91101779075711
74.2109449565353
74.6220737130502
74.52871897479554
74.01174030554645
74.47194235622726
74.23446451376363
74.04588423859296
74.03776586761823
74.69359149458295
74.23471681128966
74.13525830178789
74.8232100171651
74.1721868230331
74.24535878353257
74.37464397314656
74.11375182582623
74.34014603049378
74.9472838322026
74.81874740398258
74.81789607508142
74.91528259882278
74.82340008393649
74.09135262933184
74.53792042838164
74.04602508259822
74.76458587764951
74.89393218981157
74.79730671875802
74.1449246866586
74.49091873182675
74.30063168068517
74.6959415665504
74.67923527575493
74.04343681875245
4.913876007430876
5.122552729156741
5.0422647062852235
5.030420755185938
4.889871714959871
5.065611801436086
5.279812392392071
5.046040052354449
4.946913549656863
4.850114505471933
4.828137910407331
74.88040657603882
74.765263969451
74.35347377782644
74.18357135536024
74.90474916395195
74.07206400385459
74.62405888332079
74.88864193764849
74.47588231479217
74.24038972268696
74.50058505937477
74.58565104674219
74.40460868720902
74.70972552441185
74.77105882834526
74.32988526824862
74.78518402951111
74.18119405886908
74.1012004066432
74.39431480733919
74.63099163759172
74.24973439674443
74.25853970252422
74.50594479170486
74.3949149590373
74.39277757496455
74.08076136171348
74.55501370448866
74.86130468269626
74.15249281186297
74.56631263232731
74.72699478345679
74.63299006842905
74.63877791637678
74.60040027359754
74.24405661486767
74.29627063271849
74.28931397184365
74.58351899089497
74.76334856870061
74.13254247712403
74.47907288613779
74.49863794922409
74.29623489253996
74.43476432385424
74.94808868164122
74.6184030353448
74.72414959102103
74.29106945503148
4.958663130665215
4.999823552150756
5.07431307446332
4.916268432750689
4.980404829334742
5.234384171544232
4.95471916630441
5.067711500208568
4.9271422269168585
4.995006327937483
4.889594233782711
74.21614018345699
74.40106425192145
74.77607230836975
74.24677708245366
74.02855792986466
74.31722484811807
74.00800758806162
74.37337993358724
74.32472918339111
74.39764013899828
74.04935994816267
74.36896763805262
74.95683183307156
74.20932477627353
74.38062386150104
74.00518736691843
74.18032203340708
74.18559477459614
74.93902134027496
4.85149754713246
5.164985712636084
5.050239497216708
5.068912339673326
4.97924074054504
4.948354972499277
4.89627265630563
4.916404491765349
4.981429140182069
5.003025662058919
4.875695494639776
74.09068058498372
74.76790107271945
74.05148566512933
74.08537589115707