0.6691841469006277
0.7021276687878727
0.7070130730561067
0.6923620340571686
0.6959177891186196
0.7058476978194573
0.7065633947315413
0.6924146378913252
0.7098757554461466
0.7017177665608101
0.6996568527466434
0.7194778942879284
0.7034147825035798
0.6928875576820926
0.6940175903807421
0.7029253636591204
0.7218499401761774
0.6897572195266631
0.697995515389951
0.695389723424794
0.6978635933468741
0.7129352243744057
0.6803676056997138
0.6934040070527381
0.6995271249360506
0.7019261081038323
0.6885824352360806
0.6954371225253326
0.682714291364736
0.6915669097504196
0.7039160819705327
0.7030592887027532
0.6945660382588682
0.7005248089630496
0.7115976794085385
0.6989446480341611
0.7143541308939083
0.7121123877509019
0.7108783917884335
0.7146600260660567
0.6975913349012469
0.7119966394293582
0.7046872490337844
0.6967184750791316
0.6952928226634719
1.7068742859383657
1.687266327057241
0.70816230718685
0.6960901141118057
0.7080993999451598
0.7070017720404997
0.6994335159409361
0.7189703510971323
0.7021374428769699
0.688747339893484
0.6957707668674402
0.717745957098151
0.7157234186068648
0.7029031241578568
0.7276393662770991
0.697247646357245
0.7129371732367181
0.6834160789195493
0.6935103045931812
0.7034331366021113
0.7093416059352127
0.7077142247811902
0.704699128137329
0.6909299551135987
0.7052600522955327
0.6943055377742366
0.6993328067978657
0.6913013576299729
0.7022341788488442
0.6967413149240362
1.69587867907358
2.0
2.0
2.0
2.0
2.0
2.0
2.0
2.0
2.0
1.6940923883758439
0.7103610283277034
0.7194176220657286
0.7211758709301195
0.7099568568298893
0.6933050627035117
0.6827074352216582
0.7065001215883718
0.6916302808060459
0.7031062820898704
0.6932108942672002
0.6961219787125288
0.7107148246964321
0.6921618812328366
0.696994221048246
0.7038250243754801
0.69508682985976
0.7111330685590961
0.7178784066399371
0.7067356638627503
1.6858585018543166
1.709334796113131
0.6990438533592008
0.708641762797163
0.7022407191102629
0.7003570710120129
0.684052522522348
0.7113012784807664
0.7220235844490868
0.6951035479924029
0.6937268161826017
0.6899238472332094
0.6910250500713551
0.7171890888928791
0.6905668803636836
0.6937518394028251
0.705133586283404
0.7026374957277671
0.7025871576685924
0.697036469850467
0.7058870443236107
0.6837610912883133
0.6934992405221988
0.6884109899601775
0.70039279743939
0.706148714008849
0.6862424702500459
0.7233634661821632
1.711685757665287
1.7073617954990092
1.684361593926329
2.0
2.0
2.0
2.0
2.0
2.0
2.0
2.0
2.0
1.6937982630773656
0.7032985902735889
0.7234194389037077
0.6968470673707945
0.6845197070893565
0.7005056225087692
0.695653538122964
0.69032568190286
0.7054033147247747
0.6936170690682201
0.6877263178034513
0.7124512479411494
0.7136062496838114
0.6832091685367695
0.699435923590154
0.698915813299694
0.6960659101190637
0.6961271109867717
0.674888537207461
0.7059803640192719
1.6951847610678303
2.0
2.0
2.0
2.0
2.0
2.0
2.0
2.0
2.0
1.7182605925955639
0.6880907492000932
0.7178717460158106
0.7105827632853587
0.7079772882404661