74.64828186745872
74.67075305921536
74.94239101027833
74.43322757328754
74.4627541086307
74.48992158310199
74.30723895400581
74.16716864734168
74.35989295871657
74.52258062822344
74.55418442011229
74.35091411934863
74.52870720479909
74.84544747772645
74.34646139088488
74.41264741890853
74.15049346846108
74.08681080893071
74.03106249175056
74.31404291955064
74.00279662670839
74.94718789903291
74.8513156522634
74.92318056661342
74.83950710695369
74.77788684278657
74.37248865650876
74.58436845493785
74.41739450317984
74.57322842649735
74.93383876146747
74.48888209026994
74.61755653452771
74.10882485154028
74.90727161605734
74.91347428867701
74.18694685328104
74.53142499589883
74.34045305911025
74.84827905792959
74.21381229439388
74.30663226337579
74.74835682604908
74.35200864501638
74.86533625352965
74.74325791468138
74.16612812866578
74.35052086094571
74.98651166008491
74.11499811523936
74.03952951668772
74.97357032353153
74.3652076722194
74.61783478692895
74.73849690478662
74.16320994311712
74.31417264157115
74.28231797575947
74.32780930517697
74.08874038669565
74.53093416724653
74.4440883612702
74.7646367688055
74.07816126181035
74.10797755884583
74.03637703096747
74.76748090058189
74.62048945374113
74.30196699181221
74.56805549252134
74.83694791296637
74.98392609544338
74.01483307319323
74.47584395988721
74.62394449720188
74.67670823671355
74.15368935915421
74.31759474820005
74.89930212271638
74.42154023936666
74.29301747245356
74.35143368982092
74.83587890976261
74.66347019490459
74.92559693756887
74.41704603041435
74.19627067697667
74.05189051095044
74.53237849067783
74.0849125340126
74.50865944466968
74.34911854137374
74.2255954965919
74.98303852782882
74.39439966427992
74.66459233628306
74.40244178788603
74.32592064114195
74.93552986924581
74.8821397924417
74.76431935095795
74.76846700526846
74.34773500491971
74.11658346285665
74.4425869670294
4.966338817662182
4.883445995796109
5.05125211436361
4.974059111113615
4.952505540551659
4.902546090211922
4.9775006308495175
4.8974246000442365
4.9225805775817255
4.863645971460613
4.907639895512366
74.00069912040613
74.82001694763319
74.72801658611007
74.70632892459157
74.02358371032366
74.5128709637991
74.97768576713626
74.64937320750337
74.89710165164001
74.19969814472798
74.01336625597928
74.1351791142005
74.88393255465829
74.04707780150758
74.78459871917659
74.629376471817
74.62644979071233
74.82033735023691
74.95069090941618
4.904460907116667
5.027416562226413
4.920233324828541
5.186694892261356
4.999214048187874
5.143632883509588
4.93521200526175
5.006127523076866
5.262203377708083
4.886923611494574
5.010901179034056
74.36207789096764
74.85343983167954
74.33925188895749
74.78664085417243
74.91031747844346
74.29585511119129
74.75498513990289
74.87033648580294
74.92254543764217
74.14956338401711
74.1177769136941
74.56620237528887
74.53671675169532
74.62748653216408
74.57736188588443
74.84415041469853
74.03766221071054
74.11966926358333
74.29194970820555
4.978001194419577
5.079147076679131
5.185678598945417
5.081452288360409
4.990234898141241
4.953466036933677
4.963529736937813
4.843365906865481
4.979111136030154
4.98376643239251
5.087428580843093
74.9967806842585
74.02262160176964
74.3696101688864
74.57104511350278