0.6978417866379734
0.7047438376982031
0.6848668671228841
0.7040435884404453
0.7066329613800783
0.6816038694777365
0.6994252867601555
0.7180739921855384
0.7001529924990362
0.696711570404031
0.6938043222591633
0.7002272874359519
0.7014328600233796
0.6968024897492924
0.7179217682790201
1.6985129785971562
1.7054792742313003
0.6964048007362412
0.700923219621347
0.6983583248831475
0.7007502009754766
0.7115860966855687
0.7026758294149001
0.6969114928923794
0.716924458465168
0.6917065915897745
0.6984053192883105
0.7078655451146001
0.7075729069915444
0.6829205538106657
0.6931018270803975
0.6926049424986322
0.7102261418012132
0.6891565612363509
0.7221477732410121
0.696722595519295
0.6993799747325463
0.6794419783493432
0.6994947509148084
0.6882208518050883
0.6814300486350422
0.6992896588812698
0.6986337534537217
0.702894467065886
0.7053973637762071
1.6972234119726373
1.6949376508496767
0.7006051535417769
0.7026264210158162
0.7001058702606187
0.7031964630812537
0.7136171356133789
0.7109828772104159
0.7017025025349721
0.6942772289492196
0.7130220884493083
0.708304611770092
0.7127838966660993
0.6954632552071541
0.6887417547242789
0.6970686767163329
0.6988353026044811
0.7011930843626358
0.7011200846830029
0.6910980755206858
0.672382111962066
0.6938840897316905
0.6984398766375088
0.7030961226141806
0.707889474655362
0.6926347567905204
0.704209815780174
0.6951349738794352
0.6916987086574944
0.7042566800568725
0.6934814400679334
0.7128938321162719
0.6972436442919872
0.7010521428136403
0.7035959764805767
0.7169599305492218
0.7248346834234565
0.7043868323365212
0.7157016548882464
0.703184555986187
0.6991641002382042
0.6948271349683653
0.6968981803413196
0.7058821378049558
0.6946829544667994
0.6988463549671854
0.7008160576589736
0.7096047024109646
0.7029167429310228
0.7015399954884515
0.682419586400095
0.7069629636193321
0.7054930479981288
0.6948298291711958
0.7104852489394164
0.7082749042425004
0.6988555192594954
0.7216439470456256
1.7144653320754526
1.7063542839027275
1.7135951532040627
2.0
2.0
2.0
2.0
2.0
2.0
2.0
2.0
2.0
1.705973184635739
0.6953398083468164
0.7015411614801886
0.7150417341653276
0.7050336444271529
0.7101228290354842
0.6977845021759342
0.707299443745216
0.703519233398136
0.7016440353794655
0.6962180154463559
0.7080963573964959
0.6906398500000169
0.699346844013799
0.6998050246562012
0.7167424697391561
0.7111351596954198
0.6988041288720305
0.7052842592599193
0.6910794538784842
1.6919533535152154
2.0
2.0
2.0
2.0
2.0
2.0
2.0
2.0
2.0
1.6903314794224715
0.7136982240058218
0.7065284314112189
0.707696063489718
0.7141340489450435
0.6968596806815462
0.7144103130143588
0.7140074298497897
0.71698642025829
0.7029955529145775
0.70747206946585
0.7018556462848882
0.721370556542661
0.7039768853212577
0.7069927968130466
0.6951359320097666
0.7169007556782099
0.7080710711187451
0.7091522219667248
0.7081022438539623
1.7042364591993162
2.0
2.0
2.0
2.0
2.0
2.0
2.0
2.0
2.0
1.7209132859900067
0.6939259500867143
0.7055091816494832
0.7034872288090742
0.7060046061734995
