1.7084048276573793
1.0417574636723776
1.2629221151732177
1.3131533508218882
1.5175006097458001
1.3867271325847879
1.882372145767281
1.4016765935670068
1.7973320254301637
1.5284106507920514
1.4020646537779955
1.4780728469453939
1.0421637827930939
4.063808373845668
6.410744618630001
7.633037598654131
8.753034113360943
1.3880515696080253
1.239637622111372
1.5514179642190429
1.7531560639110217
1.0773519780524548
1.5742022123141401
1.8911419211717002
1.1278329136376726
1.9494000326507588
1.4792201923064328
1.0979710164388172
1.1559411603390872
1.384788276884414
1.3438776626748052
1.8741995931552307
1.9289458410018554
1.0503968091977973
1.5502140636178283
1.0080231693166564
1.8910854356124043
1.5419592934866981
1.9587927399152367
1.9998418112528622
1.3128146688309554
1.7362780413527097
1.9127623199405763
1.4789613769115815
1.1549224843872903
1.8741224958732583
1.9621725845021836
1.9001872947963467
1.202014965106708
1.6232006667813057
1.652499199669277
1.5659660764921872
1.9285467194307442
1.755001123802912
1.378839369258006
1.877596009994381
1.7743356615692552
1.6649841671660168
1.510115224942493
1.9379152781564244
1.2803334957927877
1.6649632299904664
1.024622195818925 
1.610350915037284 
1.761559087969136 
1.0355154082219384
1.6687671005327855
1.1993719145225055
1.7114221857965748
1.0003500969451884
1.415287354356558 
1.865717320915612 
1.4099356762715072
1.644956322538183 
1.8490036177155496
6.494638915892998
4.51179766394894
1.4307484852653083
1.804393292740414
1.003949493807026
1.6294296379767919
1.5820125877624536
1.028348251668267
1.6622535519575772
1.6619565286442561
1.4861925510119884
1.905623708571632
1.472939295935869
1.7317631600573327
1.7841099036850996
1.5366959496903352
1.0062073482803369
1.5548315685005518
1.8304530258234442
1.4426549389831735
1.4618808623029325
1.678050822445163 
1.5250453252201193
1.4974932833311885
1.6757516419914529
1.7909839653074513
1.9517449242098883
1.8173215878577633
1.1999695768860477
1.1399574415369043
1.2927239682068317
1.5427804741578195
1.8624129426326683
1.3398776853313852
1.7507043617051168
1.9932688978456203
1.8037635526186477
1.6167857029739663
1.5954254613841234
1.9254858418299343
1.8721079288806635
1.5417161276108047
1.7408378448519848
1.9092784886632552
1.8652995674623705
1.232530966211645 
1.4485814882311705
1.5775708607474592
1.278223012415309 
1.8645347441366629
1.9761936957618227
1.9714934616653184
1.6753301345714444
1.050542983123668 
1.8698070065360282
1.0045939219316025
1.345271696682936 
1.683680101873935 
1.6088587558502774
1.904616996039271 
1.990309400983954
1.4913827204584322
1.9257692773065576
1.6868163475307738
1.0163608955838197
1.4284083390037816
1.7122617175275656
1.948442247975548
1.4530144059901016
1.7923764826893827
1.1925665305370277
1.6738099557935904
1.1701243917193933
1.077928563295068
1.9041395887865997
1.8661520297994714
1.2573271437414733
1.0489429588652714
1.9038837569538645
1.615033903170607 
1.0251236759245836
1.542133214505039 
1.0627424879820513
1.299880817258917 
1.3406839322396586
1.0832474940497248
1.4064181832190026
1.7439779356451752
6.843099421262728 
7.075058125440688 
4.215067090301684
5.00605499904594
6.905783392418888
4.0252439527996104
1.0643195982599951
1.6785572227965266
1.1673462273342168
1.630718831342568
1.5615711011223494
1.7549456631713596
1.9345335656806664
1.5965750781924128
1.4449463156450812
1.4327716426969563
1.6355849933931526